0.023006200790405273
0.08421921730041504
0.16665387153625488
0.3032691478729248
0.5214660167694092
0.8347105979919434
1.3637120723724365
1.7855324745178223
2.3243420124053955
3.0695927143096924
3.8259735107421875
4.737190008163452
5.813448190689087
6.947561740875244
9.085548162460327
10.589910984039307
13.093742609024048
15.483207941055298
17.988263845443726
20.5106360912323
0.00011515617370605469
0.0002865791320800781
0.0005972385406494141
0.0008540153503417969
0.0012538433074951172
0.0016012191772460938
0.0019986629486083984
0.0024678707122802734
0.002988100051879883
0.003599405288696289
0.004191398620605469
0.004838705062866211
0.005529880523681641
0.0063245296478271484
0.0071103572845458984
0.008088111877441406
0.008983135223388672
0.009923696517944336
0.010917186737060547
0.011955976486206055
